4.63241e-05
4.74593e-05
4.62358e-05
4.84532e-05
4.69826e-05
4.69107e-05
4.72327e-05
4.84944e-05
4.54694e-05
4.55959e-05
4.85579e-05
4.64303e-05
4.74476e-05
4.69589e-05
4.67381e-05
4.58779e-05
4.65648e-05
4.77755e-05
4.50546e-05
4.60294e-05
4.81116e-05
4.9739e-05
4.6711e-05
4.46857e-05
4.62242e-05
4.6146e-05
4.45227e-05
4.73662e-05
4.13594e-05
4.51209e-05
4.63657e-05
4.52617e-05
4.41227e-05
4.67456e-05
5.12542e-05
4.9206e-05
4.54628e-05
4.90316e-05
4.44532e-05
4.60393e-05
4.6849e-05
4.84603e-05
4.43563e-05
4.54893e-05
4.80078e-05
4.58159e-05
4.60558e-05
4.54766e-05
4.92537e-05
4.51539e-05
4.65748e-05
4.61488e-05
4.71943e-05
4.40782e-05
4.67864e-05
4.83984e-05
4.72718e-05
4.65265e-05
4.38857e-05
4.92187e-05
4.73767e-05
4.61243e-05
4.45672e-05
4.61626e-05
5.02829e-05
4.8819e-05
4.44338e-05
4.94354e-05
4.61878e-05
4.5254e-05
4.90799e-05
4.44034e-05
4.61549e-05
4.56618e-05
4.93112e-05
4.40268e-05
4.68144e-05
4.51881e-05
0.00108012
0.00116835
0.00119189
0.00224731
0.00227291
0.00223226
0.00223488
0.00320928
0.00172133
4.49481e-05
4.66406e-05
4.70499e-05
4.70056e-05
4.70044e-05
4.70822e-05
4.68448e-05
4.69644e-05
4.70868e-05
4.69423e-05
4.69895e-05
4.70387e-05
5.26313e-05
4.83532e-05
4.56662e-05
4.47483e-05
4.43107e-05
4.38438e-05
4.88895e-05
4.61395e-05
5.00176e-05
4.951e-05
4.65956e-05
4.53336e-05
4.95993e-05
4.62816e-05
4.55371e-05
4.91519e-05
4.61697e-05
4.54343e-05
4.83798e-05
4.72758e-05
4.73044e-05
4.60006e-05
4.61361e-05
4.52396e-05
4.60828e-05
4.71191e-05
4.7538e-05
4.66137e-05
4.64217e-05
4.61994e-05
4.5012e-05
4.66407e-05
4.46714e-05
4.71581e-05
4.63139e-05
4.48568e-05
4.51673e-05
4.61056e-05
4.68749e-05
4.58141e-05
4.70954e-05
4.60381e-05
4.89716e-05
4.3454e-05
4.63306e-05
4.70164e-05
4.57741e-05
5.57139e-05
4.62366e-05
4.52953e-05
4.4429e-05
4.6207e-05
4.56566e-05
4.41426e-05
4.67018e-05
4.64762e-05
4.69159e-05
4.60905e-05
4.58844e-05
4.54831e-05
4.88946e-05
4.54271e-05
4.8493e-05
4.48662e-05
4.61032e-05
4.53506e-05
4.50305e-05
4.64686e-05
4.60207e-05
4.48231e-05
6.334e-05
0.0011494
0.00118537
0.00120079
0.00224434
0.00226654
0.00215114
0.00221678
0.00246333
0.00180362
4.75649e-05
4.59354e-05
4.95154e-05
4.70931e-05
4.72521e-05
4.92705e-05
4.71518e-05
4.83026e-05
4.92523e-05
5.01597e-05
4.84295e-05
4.49614e-05
4.48462e-05
4.68126e-05
4.49993e-05
4.52986e-05
4.96271e-05
4.51386e-05
4.50193e-05
4.61864e-05
4.82879e-05
4.61585e-05
4.48632e-05
4.74723e-05
4.42737e-05
4.67439e-05
4.59638e-05
4.41567e-05
4.65682e-05
4.75382e-05
4.41718e-05
4.93631e-05
4.63331e-05
4.58887e-05
4.6468e-05
4.80655e-05
4.81543e-05
4.40245e-05
4.67408e-05
4.55031e-05
4.92828e-05
4.62044e-05
4.52443e-05
4.79606e-05
4.4082e-05
4.68222e-05
4.82143e-05
4.66677e-05
4.52082e-05
4.9024e-05
4.4047e-05
4.55145e-05
5.28415e-05
4.59405e-05
4.57828e-05
4.6923e-05
4.81855e-05
4.44758e-05
4.63672e-05
4.54881e-05
4.41978e-05
4.62645e-05
4.55884e-05
4.88073e-05
4.70213e-05
4.62572e-05
4.9501e-05
4.5061e-05
4.61475e-05
4.51159e-05
4.91503e-05
4.4584e-05
4.54491e-05
4.60517e-05
4.52279e-05
4.60411e-05
4.79196e-05
4.3978e-05
4.62918e-05
4.59072e-05
4.74729e-05
4.63935e-05
4.56318e-05
4.92378e-05
5.652e-05
0.00098494
0.00106571
0.00110158
0.0022233
0.00226947
0.00228358
0.00226417
0.00236054
0.00223172
4.45e-05
4.95544e-05
4.62905e-05
4.7054e-05
4.70236e-05
4.72496e-05
4.71001e-05
4.70171e-05
4.71042e-05
5.19947e-05
4.78317e-05
4.84077e-05
4.55019e-05
4.57105e-05
4.53465e-05
4.5262e-05
4.94824e-05
4.65782e-05
4.43494e-05
4.65747e-05
4.54501e-05
4.73476e-05
4.39413e-05
4.60394e-05
4.65959e-05
4.56097e-05
4.77814e-05
4.42873e-05
4.68493e-05
4.86858e-05
4.67676e-05
4.52865e-05
4.90067e-05
4.49984e-05
4.66866e-05
4.57122e-05
4.39343e-05
4.62461e-05
4.54324e-05
4.8937e-05
4.3902e-05
4.54713e-05
4.62038e-05
4.90137e-05
4.65354e-05
4.53999e-05
4.97688e-05
4.46607e-05
4.47164e-05
4.43559e-05
4.79294e-05
4.94143e-05
4.92718e-05
4.97221e-05
4.63068e-05
4.54423e-05
4.65619e-05
4.51696e-05
4.56583e-05
4.90642e-05
4.61551e-05
4.53039e-05
4.60164e-05
4.50814e-05
4.65676e-05
4.53354e-05
4.75899e-05
4.84846e-05
4.58708e-05
4.60083e-05
4.95062e-05
4.51935e-05
4.53684e-05
4.45449e-05
4.67177e-05
4.6727e-05
4.66351e-05
4.64131e-05
4.81357e-05
4.40486e-05
4.42041e-05
4.63871e-05
4.53022e-05
4.54638e-05
4.50218e-05
0.00107862
0.00118806
0.00118862
0.00229889
0.00224987
0.00225312
0.00216053
0.00218186
0.00262623
4.52706e-05
4.99355e-05
4.69601e-05
4.69422e-05
4.7258e-05
4.69666e-05
5.06799e-05
4.72918e-05
4.82028e-05
4.69165e-05
4.70611e-05
4.70395e-05
4.69166e-05
4.54517e-05
4.8676e-05
4.67494e-05
4.37756e-05
4.70312e-05
4.93462e-05
4.5099e-05
4.7059e-05
4.53274e-05
4.80197e-05
4.54648e-05
4.51256e-05
4.46123e-05
4.62995e-05
4.53519e-05
4.70725e-05
4.45866e-05
4.58702e-05
4.74931e-05
4.51486e-05
4.57982e-05
4.61891e-05
4.73219e-05
4.54499e-05
4.38581e-05
4.86723e-05
4.55051e-05
4.88694e-05
4.43876e-05
4.43642e-05
4.92574e-05
4.41909e-05
4.64703e-05
4.89237e-05
4.57085e-05
4.66604e-05
4.90585e-05
4.43077e-05
4.66082e-05
4.53023e-05
4.84008e-05
4.61844e-05
4.4753e-05
4.91929e-05
4.50433e-05
4.66096e-05
4.59133e-05
4.71965e-05
4.66639e-05
4.49248e-05
4.592e-05
4.91003e-05
4.47864e-05
4.63135e-05
4.54754e-05
4.38881e-05
4.53613e-05
4.84935e-05
4.45776e-05
4.58461e-05
4.94634e-05
4.91311e-05
4.42926e-05
4.68871e-05
4.93147e-05
4.58291e-05
4.83526e-05
4.63842e-05
4.48543e-05
4.54698e-05
4.98308e-05
4.54237e-05
4.65317e-05
4.62282e-05
4.42817e-05
6.48e-05
0.00115824
0.00118896
0.00225944
0.00229233
0.00217822
0.00219795
0.0027999
0.00194555
4.5232e-05
4.66472e-05
4.6968e-05
4.69199e-05
4.75795e-05
4.87262e-05
4.70134e-05
4.71613e-05
4.71057e-05
4.68618e-05
4.69937e-05
4.69096e-05
4.71895e-05
4.54911e-05
4.52364e-05
4.68538e-05
4.544e-05
4.49672e-05
4.68817e-05
4.73411e-05
4.415e-05
4.6886e-05
4.70316e-05
4.83302e-05
4.40791e-05
4.52554e-05
4.5678e-05
4.49246e-05
4.51265e-05
5.00806e-05
4.27471e-05
4.65737e-05
4.90878e-05
4.55345e-05
4.72895e-05
4.71165e-05